12
03
2021
15
03
2021
Deluxe
3
12
03
2021
15
03
2021
Personal
2
12
12
2021
13
12
2021
Deluxe
4
14
5
2021
20
5
2021
Deluxe
2
23
10
2021
25
10
2021
Personal
1
14
4
2021
16
4
2021
Deluxe
3
14
4
2021
16
4
2021
Grande Deluxe
1
14
4
2021
16
4
2021
Pequeña swite
1
14
4
2021
16
4
2021
Grande Swite
1
12
12
2021
16
12
2021
Personal
2
15
6
2021
16
6
2021
Personal
2
15
6
2021
16
6
2021
Grande Deluxe
2
15
11
2021
20
11
2021
Deluxe
2
10
11
2021
16
11
2021
Deluxe
1
10
11
2021
16
11
2021
Grande Deluxe
1
15
10
2021
20
10
2021
Personal
1
15
10
2021
20
10
2021
Presidencial
1
14
10
2021
16
10
2021
Deluxe
1
14
10
2021
16
10
2021
Grande Deluxe
1
